InputNodes: 3
HiddenNodes: 100
OutputNodes: 1
Hidden Layer:
64 245 100 
73 201 21 
94 158 13 
94 92 13 
134 51 10 
140 41 14 
154 34 26 
141 31 54 
142 50 58 
186 80 44 
200 91 33 
205 92 20 
211 71 38 
209 77 57 
205 88 69 
194 99 94 
177 105 139 
157 94 148 
177 129 162 
216 157 160 
211 146 116 
208 145 76 
203 145 60 
178 174 35 
136 192 28 
91 170 88 
93 177 102 
105 185 102 
118 207 88 
150 158 70 
154 125 63 
126 125 60 
41 149 67 
38 136 68 
49 99 69 
73 100 91 
83 101 97 
96 92 99 
29 43 21 
20 54 23 
31 58 41 
66 47 55 
70 45 59 
86 30 48 
132 21 101 
150 30 126 
149 31 125 
135 44 130 
81 57 124 
66 58 128 
47 43 138 
55 42 207 
77 50 206 
80 51 207 
119 55 190 
141 58 215 
154 60 214 
199 89 215 
227 123 213 
230 158 225 
230 184 219 
222 199 223 
196 227 217 
126 232 240 
25 216 240 
22 208 235 
15 136 231 
22 118 223 
21 127 224 
15 236 202 
10 216 156 
15 216 149 
20 215 144 
56 232 155 
144 191 185 
154 184 193 
166 194 192 
224 245 162 
222 245 160 
182 192 140 
177 184 137 
177 178 130 
189 204 78 
225 230 57 
231 226 58 
239 193 72 
240 159 85 
244 142 96 
250 94 122 
245 53 149 
236 23 180 
234 20 186 
200 36 221 
112 123 244 
90 113 222 
78 105 200 
73 136 180 
66 149 160 
68 218 132 
66 245 108 
Output Layer:
0 
0 
0 
0 
0 
0 
0 
0 
0 
0 
0 
0 
0 
0 
0 
0 
0 
0 
0 
0 
0 
0 
0 
0 
0 
0 
0 
0 
0 
0 
0 
0 
0 
0 
0 
0 
0 
0 
0 
0 
0 
0 
0 
0 
0 
0 
0 
0 
0 
0 
0 
0 
0 
0 
0 
0 
0 
0 
0 
0 
0 
0 
0 
0 
0 
0 
0 
0 
0 
0 
0 
0 
0 
0 
0 
0 
0 
0 
0 
0 
0 
0 
0 
0 
0 
0 
0 
0 
0 
0 
0 
0 
0 
0 
0 
0 
0 
0 
0 
0 
