InputNodes: 2
HiddenNodes: 100
OutputNodes: 0
Hidden Layer:
22 163 
28 153 
48 131 
56 125 
78 121 
34 86 
14 71 
11 45 
25 33 
43 2 
42 27 
69 34 
75 71 
88 92 
83 80 
103 53 
114 47 
108 44 
113 26 
118 7 
120 2 
120 7 
125 13 
128 18 
128 20 
133 30 
139 35 
148 39 
142 36 
151 45 
165 52 
165 63 
172 49 
179 47 
186 33 
200 16 
208 11 
215 12 
238 18 
234 39 
243 71 
188 102 
150 135 
129 133 
144 145 
161 130 
178 126 
199 124 
188 133 
195 155 
190 161 
192 172 
197 167 
205 172 
209 193 
214 178 
226 146 
240 150 
250 153 
241 162 
238 184 
234 214 
240 230 
221 214 
215 209 
183 204 
177 205 
169 208 
166 208 
162 209 
148 220 
148 220 
136 198 
129 185 
123 171 
110 165 
104 160 
104 179 
106 205 
106 220 
109 237 
106 230 
88 227 
62 218 
55 223 
42 220 
38 213 
38 208 
37 208 
33 208 
20 211 
16 211 
14 213 
14 211 
11 207 
8 199 
8 199 
11 192 
19 186 
19 179 
Output Layer:




































































































